

1)
     *
    *A*
   *A*A*
  *A*A*A*
 *A*A*A*A*
*A*A*A*A*A*

2)

ABCDEFGGFEDCBA
 ABCDEFFEDCBA
  ABCDEEDCBA
   ABCDDCBA
    ABCCBA
     ABBA
      AA

3)

567895555
456789555
345678955
234567895
123456789



4)

2  
3  5
7  11 13
17 19 23 29 
31 37 41 43 47



5)

123456654321
12345**54321
1234****4321
123******321
12********21
1**********1


6)

0
909
89098
7890987
678909876
56789098765
4567890987654
345678909876543
23456789098765432
1234567890987654321

7)

55 | 
55 | 55 | 
55 | 55 | 55 | 
55 | 55 | 55 | 55 | 
55 | 55 | 55 | 55 | 55 | 
55 | 55 | 55 | 55 | 55 | 55 | 
55 | 55 | 55 | 55 | 55 | 
55 | 55 | 55 | 55 | 
55 | 55 | 55 | 
55 | 55 | 
55 | 


8)

                        1
                  4     9     16
            25    36    49    64    81
      100   121   144   169   196   225   256
289   324   361   400   441   484   529   576   625


9)

**********
****  ****
***    ***
**      **
*        *
*        *
**      **
***    ***
****  ****
**********


10)

       *
      **
     ***
    ****
   *****
  ******
******
*****
****
***
**
*




11)

0
2   6
12  20  30
42  56  72  90
110 132 156 182 210

12)

1
2   6
15  31  56
92  141 205 286
386 507 651 820 1016


13)

AAA AAb AAC
ABA ABB ABC
ACA ACB ACC
BAA BAB BAC
BBA BBB BBC
BCA BCB BCC
CAA CAB CAC
CBA CBB CBC
CCA CCB CCC


14)

  1     2     3     4     5     6     7     8     9    10
 36    37    38    39    40    41    42    43    44    11
 35    64    65    66    67    68    69    70    45    12
 34    63    84    85    86    87    88    71    46    13
 33    62    83    96    97    98    89    72    47    14
 32    61    82    95   100    99    90    73    48    15
 31    60    81    94    93    92    91    74    49    16
 30    59    80    79    78    77    76    75    50    17
 29    58    57    56    55    54    53    52    51    18
 28    27    26    25    24    23    22    21    20    19


15)

7777777777777777777777
                    7
                   7
                  7
                 7
                7
               7
              7
             7
            7
           7
77777777777
         7
        7
       7
      7
     7
    7
   7
  7
 7
7

  
                    


